Wavelength (micron)      Bin half-width           Transit depth            Uncertainty
5.776048064231872559e+00 1.350925862789154053e-01 2.849532942589862172e-03 9.235943857517051221e-05
6.032405257225036621e+00 1.233145892620086670e-01 2.793939747835239538e-03 1.039342992582344832e-04
6.269306421279907227e+00 1.147226393222808838e-01 2.788323356759765930e-03 6.782719692005200092e-05
6.491295814514160156e+00 1.078197062015533447e-01 2.738299731944845907e-03 1.193473036017601678e-04
6.700585246086120605e+00 1.066873967647552490e-01 2.868551986815453571e-03 1.035243969588393008e-04
6.918045401573181152e+00 1.108931899070739746e-01 2.982261573784775709e-03 8.905905753369639660e-05
7.144158005714416504e+00 1.105676591396331787e-01 3.028542188476656977e-03 7.527346650765482164e-05
7.360316038131713867e+00 1.058744192123413086e-01 2.727728050414659870e-03 9.388203336608397752e-05
7.567655682563781738e+00 1.056200563907623291e-01 2.918468965014195306e-03 8.384153118365378354e-05
7.782796263694763184e+00 1.093932986259460449e-01 3.056405702359256144e-03 9.326581417815819723e-05
8.005228877067565918e+00 1.089818775653839111e-01 2.874324192462606765e-03 1.449722192250816038e-04
8.218723773956298828e+00 1.047877371311187744e-01 2.769346896326796426e-03 1.315769460440967958e-04
8.424379825592041016e+00 1.045793890953063965e-01 2.678812932914498724e-03 1.268678630946681266e-04
8.637041330337524414e+00 1.080937385559082031e-01 2.628546824850856289e-03 1.504314373078046840e-04
8.856754779815673828e+00 1.081031560897827148e-01 2.638001269596566053e-03 1.375698583433986738e-04
9.069453954696655273e+00 1.046843528747558594e-01 2.816667190628808007e-03 1.451201466651072438e-04
9.275492191314697266e+00 1.044607162475585938e-01 2.592501980161736157e-03 1.626982007576008304e-04
9.487296819686889648e+00 1.072441935539245605e-01 2.672281092121805285e-03 1.759417308978379006e-04
9.704468965530395508e+00 1.068257093429565430e-01 2.955797557076561555e-03 1.817285616940843979e-04
9.914599657058715820e+00 1.034271717071533203e-01 3.027751297718019909e-03 1.978125030269463867e-04
1.011817765235900879e+01 1.029336452484130859e-01 2.834626549895506546e-03 2.063823195058297425e-04
1.032633423805236816e+01 1.051979064941406250e-01 2.880270397435937772e-03 2.218246299009664791e-04
1.053896927833557129e+01 1.047739386558532715e-01 2.623329962576052918e-03 2.798261431235442125e-04
1.074542999267578125e+01 1.042957305908203125e-01 3.181563916316271223e-03 3.419344204272779623e-04
1.095615220069885254e+01 1.064230203628540039e-01 3.039823320382179211e-03 3.377929412445479680e-04
1.117112207412719727e+01 1.060487031936645508e-01 2.747917711523275089e-03 4.284965407473639853e-04
1.138034701347351074e+01 1.032364368438720703e-01 2.645992290913844452e-03 4.423688770657766174e-04
1.158406782150268555e+01 1.027393341064453125e-01 2.281388803008183898e-03 4.634129305917782929e-04
1.179130434989929199e+01 1.036182641983032227e-01 3.055236807344856569e-03 7.408145974444654402e-04
