Wavelength (micron)      Bin half-width           Transit depth            Uncertainty
5.776339597172206908e+00 1.338598330815634618e-01 2.865233292626703700e-03 8.195259012978937246e-05
6.032671875423854857e+00 1.224724451700844874e-01 2.812268755539990527e-03 8.728843134252033120e-05
6.269554734230041504e+00 1.144104136361012714e-01 2.742190113933697798e-03 7.377885688073914511e-05
6.491528550783791651e+00 1.075634029176493200e-01 2.807510443204654441e-03 1.042619294901962063e-04
6.700804763370088679e+00 1.017128096686477079e-01 2.880261480570498606e-03 8.533346715443096073e-05
6.918253223101297422e+00 1.157356500625610352e-01 2.977270366224855740e-03 9.716146690905060751e-05
7.144355482525295287e+00 1.103666093614368293e-01 2.977438485593127994e-03 7.150298341618895742e-05
7.360504441791110963e+00 1.057823499043788473e-01 2.701142523599146372e-03 8.956224280729733339e-05
7.567835264735752077e+00 1.015484730402622660e-01 2.814788287992123130e-03 8.033588010318472999e-05
7.782967355516221986e+00 1.135836177402076430e-01 2.936965117113648355e-03 9.434815619454705454e-05
8.005391624238756165e+00 1.088406509823265367e-01 2.775580600221659415e-03 1.214956663326827169e-04
8.218879249360824701e+00 1.046469741397428876e-01 2.826254636009057318e-03 1.148711389911652621e-04
8.424528492821586667e+00 1.010022693210181899e-01 2.668294005832027443e-03 1.183489798464369518e-04
8.637183454301622376e+00 1.116526921590175192e-01 2.672760443909242851e-03 1.062074082205433957e-04
8.856891075770059629e+00 1.080549293094197338e-01 2.543649206323877077e-03 1.260327202202908385e-04
9.069584634568954584e+00 1.046386294894752211e-01 2.779629133449035717e-03 1.312473305676948795e-04
9.275617678960163204e+00 1.013944149017333984e-01 2.623271654509926661e-03 1.414106388320261407e-04
9.487417009141708490e+00 1.104049152798127764e-01 2.730369381847372150e-03 1.477185643392218625e-04
9.704583406448364258e+00 1.067614820268412146e-01 2.917829136881516360e-03 1.495918848484953899e-04
9.914707899093627930e+00 1.033630106184224573e-01 2.929576462522776297e-03 1.602204658351742347e-04
1.011828011936611560e+01 1.002092096540661004e-01 2.786352054506815480e-03 1.779560253319855886e-04
1.032643198966979980e+01 1.079426606496172170e-01 2.979171441321958221e-03 1.917985102917532658e-04
1.053906223509046569e+01 1.046875847710504459e-01 2.889089860985605360e-03 2.158698095047514691e-04
1.074551807509528167e+01 1.017682552337646484e-01 3.158861117182790602e-03 2.245002732139712853e-04
1.095623509089151781e+01 1.089487605624723798e-01 2.680619291592343557e-03 2.712599708010287984e-04
1.117120016945732885e+01 1.060163180033377728e-01 2.532581571438457212e-03 3.020683404945235899e-04
1.138042079077826685e+01 1.032043033175993330e-01 2.876310270111021635e-03 3.866736188774260070e-04
1.158413717481824889e+01 1.005120807223844892e-01 2.470260188399492785e-03 4.436799062590922847e-04
1.179136909378899389e+01 1.067198382483587338e-01 3.055984895738431215e-03 4.586355151882694214e-04
